0.350741850649,
0.392026550408,
0.448965503545,
0.5088996469  ,
0.503545882929,
0.508833084299,
0.513155578365,
0.518349911646,
0.510039158593,
0.508198396365,
0.515317216501,
0.516081810964,
0.524758354435,
0.52590642937 ,
0.529547451566,
0.538795345719,
0.549375354977,
0.547995736311,
0.542677027325,
0.546175594157,
0.549633220485,
0.554454339992,
0.572376085927,
0.575001174011,
0.581660252034,
0.585406541779,
0.596205117626,
0.606141145505,
0.610390062665,
0.614703271197,
0.608476260304,
0.598558183877,
0.605826287027,
0.606260263582,
0.616028845202,
0.620585238453,
0.629054226741,
0.639747904307,
0.635213722416,
0.644766529283,
0.655618983934,
0.669429937662,
0.664218091467,
0.654396835841,
0.661450078933,
0.661491151185,
0.655439913963,
0.663274319412,
0.661196707561,
0.65907817849 ,
0.666838259882,
0.674590167289,
0.683176209385,
0.688321436576,
0.693359127314,
0.692373965855
